-116.547 48.009 13.447  3.466  2.253  1.678  2.148  0.837  0.179  0.001  0.039 17.826  0.126  0.205  0.228  0.447  0.189  0.297 24.499  0.672 
59.900 -95.615  6.579  2.812  0.623  1.095  0.901  1.378  0.101  0.001  0.019  1.198  0.047  0.873  0.514  4.150  0.946  1.003 12.289  1.187 
25.057  9.826 -57.275  3.400  7.287  0.657  0.831  2.264  0.247  0.001  0.026  2.996  0.110  0.616  0.114  0.263  0.057  0.446  2.505  0.574 
 5.700  3.706  3.001 -43.029  2.397 16.347  2.910  3.100  0.347  0.001  0.019  0.599  0.063  0.411  0.114  0.735  0.322  1.374  1.565  0.316 
 5.054  1.120  8.773  3.269 -35.557 11.238  0.277  0.246  0.056  0.000  0.026  2.996  0.063  0.205  0.200  0.263  0.057  0.557  1.018  0.138 
 2.473  1.293  0.519 14.647  7.383 -30.868  0.277  0.246  0.034  0.002  0.019  0.749  0.110  0.205  0.086  0.762  0.057  0.223  1.565  0.218 
 3.334  1.120  0.693  2.746  0.192  0.292 -15.939  4.478  0.336  0.001  0.013  0.899  0.016  0.205  0.200  0.263  0.057  0.409  0.626  0.059 
 1.828  2.413  2.655  4.119  0.240  0.365  6.305 -20.294  0.101  0.001  0.026  0.449  0.063  0.051  0.086  0.131  0.132  0.409  0.861  0.059 
 1.721  0.776  1.270  2.027  0.240  0.219  2.078  0.443 -10.314  0.000  0.006  0.300  0.031  0.565  0.086  0.079  0.038  0.260  0.157  0.020 
 0.323  0.172  0.173  0.196  0.048  0.292  0.208  0.098  0.011 -2.465  0.013  0.300  0.016  0.257  0.029  0.079  0.038  0.037  0.157  0.020 
 0.645  0.259  0.231  0.196  0.192  0.219  0.139  0.197  0.011  0.001 -3.739  0.300  0.063  0.154  0.057  0.105  0.038  0.111  0.783  0.040 
12.797  0.690  1.154  0.262  0.959  0.365  0.416  0.148  0.022  0.001  0.013 -39.385  0.047  0.103  0.057  0.131  0.057  0.149 21.916  0.099 
 0.860  0.259  0.404  0.262  0.192  0.511  0.069  0.197  0.022  0.000  0.026  0.449 -4.877  1.027  0.086  0.053  0.038  0.149  0.235  0.040 
 0.430  1.465  0.693  0.523  0.192  0.292  0.277  0.049  0.123  0.002  0.019  0.300  0.314 -17.692 12.253  0.184  0.076  0.186  0.235  0.079 
 0.860  1.551  0.231  0.262  0.336  0.219  0.485  0.148  0.034  0.000  0.013  0.300  0.047 22.021 -28.938  0.210  0.189  0.891  0.470  0.672 
 1.828 13.618  0.577  1.831  0.479  2.116  0.693  0.246  0.034  0.001  0.026  0.749  0.031  0.359  0.228 -47.249  9.705  6.463  7.749  0.514 
 1.075  4.310  0.173  1.112  0.144  0.219  0.208  0.344  0.022  0.001  0.013  0.449  0.031  0.205  0.286 13.474 -27.367  2.749  1.800  0.751 
 0.860  2.327  0.693  2.419  0.719  0.438  0.762  0.541  0.078  0.000  0.019  0.599  0.063  0.257  0.685  4.570  1.400 -25.107  6.183  2.492 
33.660 13.532  1.847  1.308  0.623  1.460  0.554  0.541  0.022  0.001  0.065 41.944  0.047  0.154  0.171  2.600  0.435  2.934 -102.671  0.771 
 3.656  5.172  1.674  1.046  0.336  0.803  0.208  0.148  0.011  0.000  0.013  0.749  0.031  0.205  0.971  0.683  0.719  4.680  3.053 -24.158 
