-25.898  9.768  1.036  0.323  0.109  0.016  0.048  0.056  0.152  0.000  0.170  3.363  0.091  0.542  0.532  0.806  0.193  0.845  7.756  0.091 
 5.043 -49.437  1.393  1.129  0.054  0.067  0.145  0.112  0.051  0.001  0.151  3.721  0.182  1.356  0.355  8.059  0.451  3.887 22.441  0.839 
 1.586  4.129 -11.633  1.313  1.428  0.056  0.181  0.140  0.287  0.001  0.019  0.501  0.045  0.542  0.177  0.230  0.064  0.507  0.207  0.219 
 0.364  2.467  0.968 -10.389  0.207  0.186  0.459  0.224  1.536  0.001  0.113  0.143  0.182  1.763  0.355  0.461  0.129  0.338  0.310  0.182 
 0.260  0.252  2.225  0.438 -5.897  0.131  0.072  0.186  0.051  0.001  0.019  0.572  0.045  0.542  0.089  0.115  0.064  0.676  0.103  0.055 
 0.104  0.856  0.238  1.083  0.360 -5.321  0.097  0.019  0.051  0.001  0.019  0.286  0.091  0.271  0.177  0.461  0.129  0.338  0.724  0.018 
 0.104  0.604  0.255  0.876  0.065  0.032 -6.565  0.410  0.456  0.001  0.019  0.358  0.136  1.898  0.177  0.230  0.193  0.507  0.207  0.036 
 0.156  0.604  0.255  0.553  0.218  0.008  0.532 -4.031  0.084  0.000  0.038  0.143  0.091  0.407  0.266  0.115  0.064  0.338  0.103  0.055 
 0.234  0.151  0.289  2.097  0.033  0.012  0.326  0.047 -9.609  0.001  0.019  0.072  0.363  4.339  0.266  0.230  0.193  0.676  0.207  0.055 
 0.026  0.151  0.068  0.092  0.033  0.016  0.024  0.009  0.034 -1.894  0.038  0.143  0.045  0.407  0.089  0.345  0.064  0.169  0.103  0.036 
 0.234  0.403  0.017  0.138  0.011  0.004  0.012  0.019  0.017  0.001 -3.435  0.429  0.091  0.136  0.355  0.115  0.064  0.338  1.034  0.018 
 1.222  2.618  0.119  0.046  0.087  0.016  0.060  0.019  0.017  0.001  0.113 -50.911  0.136  0.678  1.241  0.806  0.322  2.366 40.952  0.091 
 0.052  0.201  0.017  0.092  0.011  0.008  0.036  0.019  0.135  0.000  0.038  0.215 -36.320 20.341  4.433  4.030  0.451  5.407  0.724  0.109 
 0.104  0.504  0.068  0.300  0.044  0.008  0.169  0.028  0.540  0.001  0.019  0.358  6.813 -29.155 13.919  1.266  0.322  3.549  1.034  0.109 
 0.156  0.201  0.034  0.092  0.011  0.008  0.024  0.028  0.051  0.000  0.076  1.002  2.271 21.290 -122.250 18.422  6.514 65.227  5.895  0.949 
 0.182  3.525  0.034  0.092  0.011  0.016  0.024  0.009  0.034  0.001  0.019  0.501  1.590  1.492 14.185 -359.766 143.957 154.111 38.780  1.204 
 0.078  0.352  0.017  0.046  0.011  0.008  0.036  0.009  0.051  0.000  0.019  0.358  0.318  0.678  8.954 256.981 -364.647 89.053  6.308  1.369 
 0.130  1.158  0.051  0.046  0.044  0.008  0.036  0.019  0.068  0.000  0.038  1.002  1.454  2.848 34.221 105.003 33.990 -192.007  9.721  2.172 
 1.950 10.926  0.034  0.069  0.011  0.028  0.024  0.009  0.034  0.000  0.189 28.337  0.318  1.356  5.053 43.176  3.934 15.884 -111.826  0.493 
 0.130  2.316  0.204  0.230  0.033  0.004  0.024  0.028  0.051  0.001  0.019  0.358  0.273  0.814  4.610  7.599  4.837 20.109  2.792 -44.430 
