-198.963  0.281  0.889  0.264  0.001  0.747  0.417 70.643  0.056  2.179 16.019  0.376  1.379  3.078  0.280 23.805 27.622  0.279  1.126 49.521 
 0.635 -22.351  1.259  0.264  0.001  4.704  0.379  0.768  0.884  0.168  0.728  5.955  0.076  0.362  0.025  3.042  1.900  0.093  0.751  0.356 
 2.176  1.366 -69.389  9.834  0.001  4.528  0.873  2.742  0.716  0.126  0.520  1.879  0.548  0.181  0.025 28.831 13.506  0.124  1.126  0.285 
 0.816  0.362 12.406 -33.121  0.001  2.990  5.464  1.207  0.126  0.084  0.728  0.578  0.094  0.181  0.051  6.150  1.154  0.093  0.282  0.356 
 0.181  0.121  0.148  0.059 -2.810  0.308  0.038  0.219  0.014  0.084  0.104  0.058  0.057  0.121  0.025  0.397  0.204  0.062  0.469  0.142 
 1.542  4.300  3.814  1.996  0.002 -40.978  8.993  0.548  2.372  0.419  1.040  3.180  0.812  0.241  0.076  5.951  3.801  0.093  0.657  1.138 
 0.998  0.402  0.852  4.227  0.000 10.420 -22.858  0.878  0.042  0.042  0.312  0.347  0.113  0.121  0.051  1.587  1.697  0.062  0.282  0.427 
58.402  0.281  0.926  0.323  0.001  0.220  0.304 -79.026  0.042  0.210  1.248  0.116  0.245  0.604  0.038 11.770  3.054  0.062  0.469  0.712 
 0.363  2.532  1.889  0.264  0.000  7.430  0.114  0.329 -22.985  0.126  0.728  0.231  0.094  0.302  0.013  1.389  0.747  0.404  5.818  0.213 
 4.716  0.161  0.111  0.059  0.001  0.440  0.038  0.548  0.042 -470.163 102.147  0.173  1.718  7.968  0.025  0.331  2.918  0.279  0.845 347.644 
13.966  0.281  0.185  0.205  0.000  0.440  0.114  1.316  0.098 41.150 -269.262  0.173  6.987 36.156  0.038  0.595  1.900  1.707  2.721 161.228 
 1.179  8.279  2.407  0.587  0.001  4.836  0.455  0.439  0.112  0.251  0.624 -26.187  0.151  0.302  0.038  2.314  3.529  0.186  0.282  0.213 
 6.620  0.161  1.074  0.147  0.001  1.891  0.228  1.426  0.070  3.813 38.487  0.231 -78.240  3.018  0.013  1.587  9.434  0.279  0.938  8.823 
 4.625  0.241  0.111  0.088  0.001  0.176  0.076  1.097  0.070  5.531 62.307  0.145  0.944 -146.811  0.076  0.595  0.679  2.825 53.207 14.017 
 1.995  0.080  0.074  0.117  0.001  0.264  0.152  0.329  0.014  0.084  0.312  0.087  0.019  0.362 -5.218  0.529  0.407  0.062  0.188  0.142 
32.647  1.849 16.146  2.730  0.002  3.957  0.911 19.526  0.295  0.210  0.936  1.012  0.453  0.543  0.102 -143.716 61.013  0.062  0.469  0.854 
36.909  1.125  7.369  0.499  0.001  2.462  0.949  4.936  0.154  1.802  2.913  1.503  2.625  0.604  0.076 59.447 -136.089  0.155  1.032 11.526 
 0.816  0.121  0.148  0.088  0.001  0.132  0.076  0.219  0.182  0.377  5.721  0.173  0.170  5.493  0.025  0.132  0.339 -38.860 21.302  3.344 
 1.088  0.322  0.444  0.088  0.002  0.308  0.114  0.548  0.870  0.377  3.017  0.087  0.189 34.224  0.025  0.331  0.747  7.046 -51.321  1.494 
63.117  0.201  0.148  0.147  0.001  0.703  0.228  1.097  0.042 204.743 235.707  0.087  2.342 11.891  0.025  0.794 10.995  1.459  1.971 -535.697 
