-102.671  0.554  1.847  0.623  0.001  1.308  1.460 41.944  0.022  0.435  2.934  0.541  0.771  0.171  0.065 33.660 13.532  0.047  0.154  2.600 
 0.626 -15.939  0.693  0.192  0.001  2.746  0.292  0.899  0.336  0.057  0.409  4.478  0.059  0.200  0.013  3.334  1.120  0.016  0.205  0.263 
 2.505  0.831 -57.275  7.287  0.001  3.400  0.657  2.996  0.247  0.057  0.446  2.264  0.574  0.114  0.026 25.057  9.826  0.110  0.616  0.263 
 1.018  0.277  8.773 -35.557  0.000  3.269 11.238  2.996  0.056  0.057  0.557  0.246  0.138  0.200  0.026  5.054  1.120  0.063  0.205  0.263 
 0.157  0.208  0.173  0.048 -2.465  0.196  0.292  0.300  0.011  0.038  0.037  0.098  0.020  0.029  0.013  0.323  0.172  0.016  0.257  0.079 
 1.565  2.910  3.001  2.397  0.001 -43.029 16.347  0.599  0.347  0.322  1.374  3.100  0.316  0.114  0.019  5.700  3.706  0.063  0.411  0.735 
 1.565  0.277  0.519  7.383  0.002 14.647 -30.868  0.749  0.034  0.057  0.223  0.246  0.218  0.086  0.019  2.473  1.293  0.110  0.205  0.762 
21.916  0.416  1.154  0.959  0.001  0.262  0.365 -39.385  0.022  0.057  0.149  0.148  0.099  0.057  0.013 12.797  0.690  0.047  0.103  0.131 
 0.157  2.078  1.270  0.240  0.000  2.027  0.219  0.300 -10.314  0.038  0.260  0.443  0.020  0.086  0.006  1.721  0.776  0.031  0.565  0.079 
 1.800  0.208  0.173  0.144  0.001  1.112  0.219  0.449  0.022 -27.367  2.749  0.344  0.751  0.286  0.013  1.075  4.310  0.031  0.205 13.474 
 6.183  0.762  0.693  0.719  0.000  2.419  0.438  0.599  0.078  1.400 -25.107  0.541  2.492  0.685  0.019  0.860  2.327  0.063  0.257  4.570 
 0.861  6.305  2.655  0.240  0.001  4.119  0.365  0.449  0.101  0.132  0.409 -20.294  0.059  0.086  0.026  1.828  2.413  0.063  0.051  0.131 
 3.053  0.208  1.674  0.336  0.000  1.046  0.803  0.749  0.011  0.719  4.680  0.148 -24.158  0.971  0.013  3.656  5.172  0.031  0.205  0.683 
 0.470  0.485  0.231  0.336  0.000  0.262  0.219  0.300  0.034  0.189  0.891  0.148  0.672 -28.938  0.013  0.860  1.551  0.047 22.021  0.210 
 0.783  0.139  0.231  0.192  0.001  0.196  0.219  0.300  0.011  0.038  0.111  0.197  0.040  0.057 -3.739  0.645  0.259  0.063  0.154  0.105 
24.499  2.148 13.447  2.253  0.001  3.466  1.678 17.826  0.179  0.189  0.297  0.837  0.672  0.228  0.039 -116.547 48.009  0.126  0.205  0.447 
12.289  0.901  6.579  0.623  0.001  2.812  1.095  1.198  0.101  0.946  1.003  1.378  1.187  0.514  0.019 59.900 -95.615  0.047  0.873  4.150 
 0.235  0.069  0.404  0.192  0.000  0.262  0.511  0.449  0.022  0.038  0.149  0.197  0.040  0.086  0.026  0.860  0.259 -4.877  1.027  0.053 
 0.235  0.277  0.693  0.192  0.002  0.523  0.292  0.300  0.123  0.076  0.186  0.049  0.079 12.253  0.019  0.430  1.465  0.314 -17.692  0.184 
 7.749  0.693  0.577  0.479  0.001  1.831  2.116  0.749  0.034  9.705  6.463  0.246  0.514  0.228  0.026  1.828 13.618  0.031  0.359 -47.249 
