-111.826  0.024  0.034  0.011  0.000  0.069  0.028 28.337  0.034  3.934 15.884  0.009  0.493  5.053  0.189  1.950 10.926  0.318  1.356 43.176 
 0.207 -6.565  0.255  0.065  0.001  0.876  0.032  0.358  0.456  0.193  0.507  0.410  0.036  0.177  0.019  0.104  0.604  0.136  1.898  0.230 
 0.207  0.181 -11.633  1.428  0.001  1.313  0.056  0.501  0.287  0.064  0.507  0.140  0.219  0.177  0.019  1.586  4.129  0.045  0.542  0.230 
 0.103  0.072  2.225 -5.897  0.001  0.438  0.131  0.572  0.051  0.064  0.676  0.186  0.055  0.089  0.019  0.260  0.252  0.045  0.542  0.115 
 0.103  0.024  0.068  0.033 -1.894  0.092  0.016  0.143  0.034  0.064  0.169  0.009  0.036  0.089  0.038  0.026  0.151  0.045  0.407  0.345 
 0.310  0.459  0.968  0.207  0.001 -10.389  0.186  0.143  1.536  0.129  0.338  0.224  0.182  0.355  0.113  0.364  2.467  0.182  1.763  0.461 
 0.724  0.097  0.238  0.360  0.001  1.083 -5.321  0.286  0.051  0.129  0.338  0.019  0.018  0.177  0.019  0.104  0.856  0.091  0.271  0.461 
40.952  0.060  0.119  0.087  0.001  0.046  0.016 -50.911  0.017  0.322  2.366  0.019  0.091  1.241  0.113  1.222  2.618  0.136  0.678  0.806 
 0.207  0.326  0.289  0.033  0.001  2.097  0.012  0.072 -9.609  0.193  0.676  0.047  0.055  0.266  0.019  0.234  0.151  0.363  4.339  0.230 
 6.308  0.036  0.017  0.011  0.000  0.046  0.008  0.358  0.051 -364.647 89.053  0.009  1.369  8.954  0.019  0.078  0.352  0.318  0.678 256.981 
 9.721  0.036  0.051  0.044  0.000  0.046  0.008  1.002  0.068 33.990 -192.007  0.019  2.172 34.221  0.038  0.130  1.158  1.454  2.848 105.003 
 0.103  0.532  0.255  0.218  0.000  0.553  0.008  0.143  0.084  0.064  0.338 -4.031  0.055  0.266  0.038  0.156  0.604  0.091  0.407  0.115 
 2.792  0.024  0.204  0.033  0.001  0.230  0.004  0.358  0.051  4.837 20.109  0.028 -44.430  4.610  0.019  0.130  2.316  0.273  0.814  7.599 
 5.895  0.024  0.034  0.011  0.000  0.092  0.008  1.002  0.051  6.514 65.227  0.028  0.949 -122.250  0.076  0.156  0.201  2.271 21.290 18.422 
 1.034  0.012  0.017  0.011  0.001  0.138  0.004  0.429  0.017  0.064  0.338  0.019  0.018  0.355 -3.435  0.234  0.403  0.091  0.136  0.115 
 7.756  0.048  1.036  0.109  0.000  0.323  0.016  3.363  0.152  0.193  0.845  0.056  0.091  0.532  0.170 -25.898  9.768  0.091  0.542  0.806 
22.441  0.145  1.393  0.054  0.001  1.129  0.067  3.721  0.051  0.451  3.887  0.112  0.839  0.355  0.151  5.043 -49.437  0.182  1.356  8.059 
 0.724  0.036  0.017  0.011  0.000  0.092  0.008  0.215  0.135  0.451  5.407  0.019  0.109  4.433  0.038  0.052  0.201 -36.320 20.341  4.030 
 1.034  0.169  0.068  0.044  0.001  0.300  0.008  0.358  0.540  0.322  3.549  0.028  0.109 13.919  0.019  0.104  0.504  6.813 -29.155  1.266 
38.780  0.024  0.034  0.011  0.001  0.092  0.016  0.501  0.034 143.957 154.111  0.009  1.204 14.185  0.019  0.182  3.525  1.590  1.492 -359.766 
