-143.716 61.013 16.146  3.957  2.730  0.911  1.849  1.012  0.295  0.002  0.102 19.526  0.062  0.469  0.543  0.854  0.210  0.936 32.647  0.453 
59.447 -136.089  7.369  2.462  0.499  0.949  1.125  1.503  0.154  0.001  0.076  4.936  0.155  1.032  0.604 11.526  1.802  2.913 36.909  2.625 
28.831 13.506 -69.389  4.528  9.834  0.873  1.366  1.879  0.716  0.001  0.025  2.742  0.124  1.126  0.181  0.285  0.126  0.520  2.176  0.548 
 5.951  3.801  3.814 -40.978  1.996  8.993  4.300  3.180  2.372  0.002  0.076  0.548  0.093  0.657  0.241  1.138  0.419  1.040  1.542  0.812 
 6.150  1.154 12.406  2.990 -33.121  5.464  0.362  0.578  0.126  0.001  0.051  1.207  0.093  0.282  0.181  0.356  0.084  0.728  0.816  0.094 
 1.587  1.697  0.852 10.420  4.227 -22.858  0.402  0.347  0.042  0.000  0.051  0.878  0.062  0.282  0.121  0.427  0.042  0.312  0.998  0.113 
 3.042  1.900  1.259  4.704  0.264  0.379 -22.351  5.955  0.884  0.001  0.025  0.768  0.093  0.751  0.362  0.356  0.168  0.728  0.635  0.076 
 2.314  3.529  2.407  4.836  0.587  0.455  8.279 -26.187  0.112  0.001  0.038  0.439  0.186  0.282  0.302  0.213  0.251  0.624  1.179  0.151 
 1.389  0.747  1.889  7.430  0.264  0.114  2.532  0.231 -22.985  0.000  0.013  0.329  0.404  5.818  0.302  0.213  0.126  0.728  0.363  0.094 
 0.397  0.204  0.148  0.308  0.059  0.038  0.121  0.058  0.014 -2.810  0.025  0.219  0.062  0.469  0.121  0.142  0.084  0.104  0.181  0.057 
 0.529  0.407  0.074  0.264  0.117  0.152  0.080  0.087  0.014  0.001 -5.218  0.329  0.062  0.188  0.362  0.142  0.084  0.312  1.995  0.019 
11.770  3.054  0.926  0.220  0.323  0.304  0.281  0.116  0.042  0.001  0.038 -79.026  0.062  0.469  0.604  0.712  0.210  1.248 58.402  0.245 
 0.132  0.339  0.148  0.132  0.088  0.076  0.121  0.173  0.182  0.001  0.025  0.219 -38.860 21.302  5.493  3.344  0.377  5.721  0.816  0.170 
 0.331  0.747  0.444  0.308  0.088  0.114  0.322  0.087  0.870  0.002  0.025  0.548  7.046 -51.321 34.224  1.494  0.377  3.017  1.088  0.189 
 0.595  0.679  0.111  0.176  0.088  0.076  0.241  0.145  0.070  0.001  0.076  1.097  2.825 53.207 -146.811 14.017  5.531 62.307  4.625  0.944 
 0.794 10.995  0.148  0.703  0.147  0.228  0.201  0.087  0.042  0.001  0.025  1.097  1.459  1.971 11.891 -535.697 204.743 235.707 63.117  2.342 
 0.331  2.918  0.111  0.440  0.059  0.038  0.161  0.173  0.042  0.001  0.025  0.548  0.279  0.845  7.968 347.644 -470.163 102.147  4.716  1.718 
 0.595  1.900  0.185  0.440  0.205  0.114  0.281  0.173  0.098  0.000  0.038  1.316  1.707  2.721 36.156 161.228 41.150 -269.262 13.966  6.987 
23.805 27.622  0.889  0.747  0.264  0.417  0.281  0.376  0.056  0.001  0.280 70.643  0.279  1.126  3.078 49.521  2.179 16.019 -198.963  1.379 
 1.587  9.434  1.074  1.891  0.147  0.228  0.161  0.231  0.070  0.001  0.013  1.426  0.279  0.938  3.018  8.823  3.813 38.487  6.620 -78.240 
