-25.898  7.406  1.311  0.343  0.184  0.060  0.076  0.106  0.193  0.013  0.202  2.293  0.071  0.323  0.344  0.494  0.136  0.487  4.853  0.111 
 7.406 -49.437  2.761  1.798  0.153  0.462  0.375  0.358  0.101  0.076  0.277  3.170  0.192  0.930  0.278  5.792  0.402  2.522 16.684  1.578 
 1.311  2.761 -11.633  1.141  1.826  0.147  0.218  0.197  0.288  0.034  0.018  0.310  0.031  0.305  0.106  0.132  0.041  0.279  0.120  0.211 
 0.343  1.798  1.141 -10.389  0.322  0.635  0.667  0.388  1.817  0.047  0.126  0.095  0.137  1.031  0.223  0.276  0.088  0.192  0.190  0.206 
 0.184  0.153  1.826  0.322 -5.897  0.245  0.069  0.202  0.042  0.017  0.015  0.330  0.028  0.293  0.050  0.063  0.038  0.360  0.057  0.044 
 0.060  0.462  0.147  0.635  0.245 -5.321  0.064  0.013  0.031  0.008  0.011  0.151  0.049  0.140  0.093  0.238  0.068  0.173  0.376  0.011 
 0.076  0.375  0.218  0.667  0.069  0.064 -6.565  0.471  0.391  0.012  0.015  0.209  0.086  1.034  0.101  0.127  0.115  0.272  0.115  0.030 
 0.106  0.358  0.197  0.388  0.202  0.013  0.471 -4.031  0.065  0.005  0.028  0.081  0.055  0.217  0.147  0.062  0.037  0.178  0.056  0.041 
 0.193  0.101  0.288  1.817  0.042  0.031  0.391  0.065 -9.609  0.017  0.018  0.044  0.249  2.440  0.158  0.132  0.122  0.372  0.120  0.053 
 0.013  0.076  0.034  0.047  0.017  0.008  0.012  0.005  0.017 -1.894  0.019  0.072  0.023  0.204  0.044  0.173  0.032  0.085  0.052  0.019 
 0.202  0.277  0.018  0.126  0.015  0.011  0.015  0.028  0.018  0.019 -3.435  0.271  0.064  0.077  0.215  0.067  0.042  0.188  0.612  0.019 
 2.293  3.170  0.310  0.095  0.330  0.151  0.209  0.081  0.044  0.072  0.271 -50.911  0.175  0.518  1.121  0.653  0.340  1.684 34.644  0.225 
 0.071  0.192  0.031  0.137  0.028  0.049  0.086  0.055  0.249  0.023  0.064  0.175 -36.320 13.577  3.352  2.810  0.385  3.430  0.521  0.191 
 0.323  0.930  0.305  1.031  0.293  0.140  1.034  0.217  2.440  0.204  0.077  0.518 13.577 -29.155 17.605  1.379  0.500  3.198  1.195  0.462 
 0.344  0.278  0.106  0.223  0.050  0.093  0.101  0.147  0.158  0.044  0.215  1.121  3.352 17.605 -122.250 16.303  7.734 49.724  5.474  2.780 
 0.494  5.792  0.132  0.276  0.063  0.238  0.127  0.062  0.132  0.173  0.067  0.653  2.810  1.379 16.303 -359.766 200.469 129.557 40.978  4.402 
 0.136  0.402  0.041  0.088  0.038  0.068  0.115  0.037  0.122  0.032  0.042  0.340  0.385  0.500  7.734 200.469 -364.647 61.521  5.121  3.103 
 0.487  2.522  0.279  0.192  0.360  0.173  0.272  0.178  0.372  0.085  0.188  1.684  3.430  3.198 49.724 129.557 61.521 -192.007 12.803 11.140 
 4.853 16.684  0.120  0.190  0.057  0.376  0.115  0.056  0.120  0.052  0.612 34.644  0.521  1.195  5.474 40.978  5.121 12.803 -111.826  1.642 
 0.111  1.578  0.211  0.206  0.044  0.011  0.030  0.041  0.053  0.019  0.019  0.225  0.191  0.462  2.780  4.402  3.103 11.140  1.642 -44.430 
